ISS (ZARYA)             
1 25544U 98067A   21002.23397689  .00001223  00000-0  30093-4 0  9999
2 25544  51.6472  83.5832 0001012 178.9624 282.3149 15.49248482262878
KESTREL EYE IIM (KE2M)  
1 42982U 98067NE  21002.18547961  .00031218  00000-0  17626-3 0  9991
2 42982  51.6356 341.7794 0003799 119.0484 241.0898 15.78848435182368
DELLINGR (RBLE)         
1 43021U 98067NJ  21002.18195272  .00042084  00000-0  21690-3 0  9999
2 43021  51.6324 338.8105 0003647  81.0011 279.1403 15.80708820178171
UBAKUSAT                
1 43467U 98067NQ  20362.27906033  .06269310  12352-4  52456-3 0  9996
2 43467  51.6190 354.3668 0001241 137.3285 222.7838 16.38845679150702
TEMPEST-D               
1 43547U 98067NV  21001.44587360  .00011986  00000-0  99368-4 0  9998
2 43547  51.6351  28.8572 0005998  69.4124 290.7516 15.70694156140521
RAINCUBE                
1 43548U 98067NW  20358.54873977  .07367411  12353-4  71823-3 0  9993
2 43548  51.6133  23.4318 0001982  43.8993 316.2190 16.37524600140249
HALOSAT                 
1 43549U 98067NX  21002.12131997  .01770169  11924-4  70568-3 0  9994
2 43549  51.6247 336.5665 0005416 137.2439 222.9003 16.22870416141282
EQUISAT                 
1 43552U 98067PA  20361.21801847  .10316869  12478-4  50011-3 0  9992
2 43552  51.6122   8.3673 0000676 209.2273 150.8717 16.43170683140619
RADSAT-G                
1 43553U 98067PB  21001.41640658  .00065747  00000-0  29804-3 0  9993
2 43553  51.6373   0.2278 0005669  94.1761 265.9890 15.83271724141331
AEROCUBE 12A            
1 43556U 18046C   21001.91504702  .00002920  00000-0  10883-3 0  9990
2 43556  51.6390 231.4578 0007195 286.2634  73.7555 15.30749356137761
AEROCUBE 12B            
1 43557U 18046D   21001.82307992  .00001918  00000-0  76602-4 0  9991
2 43557  51.6403 233.0728 0007353 286.3073  73.7098 15.30322223137689
LEMUR-2-VU              
1 43558U 18046E   21001.88871651  .00003090  00000-0  10883-3 0  9997
2 43558  51.6394 226.1730 0006270 290.1321  69.8986 15.32434389137828
LEMUR-2-ALEXANDER       
1 43559U 18046F   21001.89849976  .00002951  00000-0  10387-3 0  9998
2 43559  51.6390 225.5064 0006192 289.6842  70.3471 15.32621736137619
LEMUR-2-YUASA           
1 43560U 18046G   21001.91613371  .00001864  00000-0  70409-4 0  9995
2 43560  51.6394 226.3508 0006411 305.6114  54.4270 15.32382907137829
LEMUR-2-TOMHENDERSON    
1 43561U 18046H   21001.89761094  .00003156  00000-0  11213-3 0  9992
2 43561  51.6394 226.9674 0006640 304.6855  55.3500 15.32064026137370
SIRIUSSAT-1             
1 43595U 98067PG  20344.55055662  .07916525  12514-4  56251-3 0  9997
2 43595  51.6588  97.6693 0009437  42.2825  52.9592 16.39998780132780
SIRIUSSAT-2             
1 43596U 98067PH  20344.36554324  .08904132  12494-4  57179-3 0  9995
2 43596  51.6062  99.6513 0006261 312.7483  99.6145 16.40921535132742
1998-067PN              
1 43638U 98067PN  21001.76780619  .00024789  00000-0  19692-3 0  9992
2 43638  51.6345  24.2162 0003286  55.9993 304.1317 15.71091036127772
1998-067PP              
1 43639U 98067PP  21002.17845309  .00091152  00000-0  37101-3 0  9990
2 43639  51.6297   2.0462 0006017  72.6234 287.5428 15.85402829128101
STARS-ME                
1 43640U 98067PQ  21001.75949945  .00035160  00000-0  23651-3 0  9998
2 43640  51.6336  17.3136 0005227  59.3289 300.8225 15.74800592127861
ISS DEB (SEDA-AP)       
1 43870U 98067PU  21001.85870062  .00005965  00000-0  78757-4 0  9995
2 43870  51.6369  50.4536 0004547  66.9446 293.2026 15.59942003115607
CATSAT-2                
1 44029U 98067PV  21002.18953729  .00069625  00000-0  39252-3 0  9990
2 44029  51.6392  21.8880 0003929  75.2561 284.8875 15.78517861109745
DELPHINI                
1 44030U 98067PW  21001.91149980  .00093200  00000-0  42709-3 0  9995
2 44030  51.6308  19.0128 0005126  67.1718 292.9825 15.82909372109723
UNITE                   
1 44031U 98067PX  21002.13802507  .00021639  00000-0  19945-3 0  9995
2 44031  51.6377  37.2968 0003224  77.8544 282.2814 15.67557182109503
CATSAT-1                
1 44033U 98067PZ  21002.18962873  .00072337  00000-0  40780-3 0  9997
2 44033  51.6391  21.8984 0003694  73.6629 286.4778 15.78504132109657
ISS DEB                 
1 44303U 98067QA  21001.89381248  .00006428  00000-0  95051-4 0  9995
2 44303  51.6407  68.0810 0005388 352.1664   7.9242 15.56697112 90649
ISS DEB                 
1 44304U 98067QB  21001.52482818  .00083853  00000-0  48364-3 0  9992
2 44304  51.6366  43.7544 0006319  13.3756 346.7411 15.77918490 90944
ISS DEB                 
1 44305U 98067QC  21001.77558406  .00369347  66690-4  82736-3 0  9994
2 44305  51.6226  30.0641 0009000  50.4527 309.7275 15.97142139 91146
ISS DEB                 
1 44306U 98067QD  21002.21978522  .00006747  00000-0  98523-4 0  9993
2 44306  51.6391  66.4265 0006503 348.9055  11.1792 15.56945697 90705
RAAVANA-1               
1 44329U 98067QE  21002.18146073  .00022926  00000-0  23689-3 0  9999
2 44329  51.6379  54.1845 0006257  25.8575 334.2731 15.64638610 88036
UGUISU                  
1 44330U 98067QF  21001.44231636  .00023035  00000-0  24003-3 0  9992
2 44330  51.6354  58.1966 0006196  22.1411 337.9850 15.64421497 87898
NEPALISAT-1             
1 44331U 98067QG  21001.85324156  .00022084  00000-0  22864-3 0  9994
2 44331  51.6354  55.6919 0006218  26.5205 333.6107 15.64614389 87974
SPOOQY-1                
1 44332U 98067QH  21001.62128709  .00021803  00000-0  22848-3 0  9996
2 44332  51.6361  57.1605 0005474  27.2912 332.8369 15.64319486 87890
RED-EYE 1 (PINOT)       
1 44364U 98067QJ  21001.90869424  .00007498  00000-0  11033-3 0  9996
2 44364  51.6410  68.9135 0006756 347.2994  12.7826 15.56539598 86224
IOD-1 GEMS              
1 44385U 98067QK  21001.42563112  .00064055  00000-0  44211-3 0  9997
2 44385  51.6365  49.9037 0004903  11.5808 348.5303 15.73938876 85492
SWIATOWID               
1 44426U 98067QL  21002.17702097  .00108544  00000-0  61631-3 0  9990
2 44426  51.6412  42.7070 0005975  20.4645  49.4959 15.78167296 85665
KRAKSAT                 
1 44427U 98067QM  21002.03317530  .00017807  00000-0  21680-3 0  9991
2 44427  51.6441  62.1152 0003615 349.8093  79.0466 15.60598862 85434
VCC A                   
1 44428U 98067QN  21001.44094488  .00021635  00000-0  23337-3 0  9995
2 44428  51.6384  60.5462 0003593   3.4010 356.7009 15.63594796 85404
ENTRYSAT                
1 44429U 98067QP  21001.84935155  .00028134  00000-0  27005-3 0  9992
2 44429  51.6352  54.9521 0003710   4.7342 355.3688 15.66378975 85518
VCC C                   
1 44430U 98067QQ  21002.13659285  .00048878  00000-0  39303-3 0  9995
2 44430  51.6355  49.3674 0004136  15.3978 344.7145 15.70443051 84439
VCC B                   
1 44431U 98067QR  21001.43017039  .00022130  00000-0  23704-3 0  9994
2 44431  51.6366  60.4277 0003700   3.3451 356.7568 15.63758427 85345
ISS DEB                 
1 44788U 98067QT  21002.15602133  .00047173  00000-0  43559-3 0  9998
2 44788  51.6378  63.0274 0006189  13.1465 346.9691 15.67071513 64407
ISS DEB                 
1 44789U 98067QU  21001.89696108  .00037710  00000-0  37408-3 0  9996
2 44789  51.6377  65.8224 0006768  14.0965 346.0218 15.65382125 64330
RWASAT-1                
1 44790U 98067QV  21002.18734764  .00010482  00000-0  15478-3 0  9992
2 44790  51.6425  72.9394 0008139  34.8383 353.4640 15.55934628 63533
AQT-D                   
1 44791U 98067QW  21002.15916995  .00009071  00000-0  13488-3 0  9999
2 44791  51.6420  73.6172 0006981  10.0590 350.0540 15.55947389 63529
NARSSCUBE-1             
1 44792U 98067QX  21001.89729299  .00015454  00000-0  20301-3 0  9993
2 44792  51.6392  71.8099 0005462  25.5500 334.5762 15.58697602 63527
STPSAT-4                
1 45043U 98067QY  21001.92534175  .00005147  00000-0  91709-4 0  9993
2 45043  51.6416  82.4843 0005814  23.2502 336.8750 15.51944785 52628
HARP                    
1 45256U 98067QZ  21001.91200604  .00010147  00000-0  15833-3 0  9994
2 45256  51.6422  79.4307 0007485  14.8672 345.2538 15.54460156 49332
1998-067RA              
1 45257U 98067RA  21001.67764052  .00008855  00000-0  14140-3 0  9993
2 45257  51.6410  80.8430 0007927  16.2317 343.8926 15.54003333 49296
PHOENIX                 
1 45258U 98067RB  21001.91674158  .00007204  00000-0  11877-3 0  9999
2 45258  51.6411  80.1775 0006170   0.3010 359.7983 15.53449291 49291
1998-067RC              
1 45259U 98067RC  21002.20621339  .00014051  00000-0  20711-3 0  9991
2 45259  51.6404  76.8728 0007271  15.5367 344.5846 15.55662369 49396
CRYOCUBE                
1 45260U 98067RD  21001.92740181  .00012522  00000-0  18572-3 0  9991
2 45260  51.6404  78.0127 0007903  14.6224 345.4995 15.55604999 49366
AZTECHSAT-1             
1 45261U 98067RE  21002.21188072  .00017021  00000-0  23648-3 0  9999
2 45261  51.6401  75.4108 0007711  14.9687 345.1532 15.57093780 49408
RADSAT-U                
1 45262U 98067RF  21001.91750565  .00008393  00000-0  13348-3 0  9996
2 45262  51.6425  79.4654 0006842  48.2425 311.9149 15.54202540 49340
QARMAN                  
1 45263U 98067RG  21001.92330537  .00012821  00000-0  19092-3 0  9994
2 45263  51.6405  78.7309 0007248  11.1348 348.9802 15.55474308 49375
SORTIE                  
1 45264U 98067RH  21001.68315850  .00006062  00000-0  10440-3 0  9997
2 45264  51.6422  82.3870 0007682  21.9828 338.1490 15.52543408 49271
ICS-EF (ISS DEB)        
1 45265U 98067RJ  21001.67395693  .00003504  00000-0  66974-4 0  9992
2 45265  51.6419  84.5487 0005653  23.8417 336.2834 15.51028383 48928
PROGRESS-MS 14          
1 45595U 20026A   21001.52861127  .00001361  00000-0  32564-4 0  9999
2 45595  51.6470  87.0736 0001085 176.5108 308.1419 15.49246468262764
G-SAT                   
1 45597U 98067RK  21001.91878444  .00008828  00000-0  14194-3 0  9997
2 45597  51.6416  80.9605 0004987  69.2889 290.8635 15.53827520 38689
QUETZAL-1               
1 45598U 98067RL  21001.93025408  .00011596  00000-0  18125-3 0  9998
2 45598  51.6416  81.0335 0002586  84.2018 275.9268 15.54265265 38618
RED-EYE 2 (MERLOT)      
1 45800U 98067RM  21001.69163454  .00006028  00000-0  10815-3 0  9993
2 45800  51.6424  84.6803 0001609  51.4996 308.6138 15.51392469 30782
RED-EYE 3 (CABERNET)    
1 45809U 98067RN  21002.20750672  .00005878  00000-0  10564-3 0  9997
2 45809  51.6424  82.1259 0001783  40.7366 319.3757 15.51396141 29846
DEMI                    
1 45916U 98067RP  21001.58699357  .00011717  00000-0  18809-3 0  9997
2 45916  51.6422  83.9905 0002428 333.0779  27.0085 15.53510096 26756
TECHEDSAT 10            
1 45917U 98067RQ  21001.92795243  .00090773  00000-0  82390-3 0  9992
2 45917  51.6367  76.5000 0007580 357.9937   2.1027 15.67211293 26835
PROGRESS-MS 15          
1 45937U 20050A   21001.52861127  .00001361  00000-0  32564-4 0  9996
2 45937  51.6470  87.0736 0001085 176.5108 308.1419 15.49246468262764
CYGNUS NG-14            
1 46530U 20069A   21001.52861127  .00001361  00000-0  32564-4 0  9996
2 46530  51.6470  87.0736 0001085 176.5108 308.1419 15.49246468262764
SOYUZ-MS 17             
1 46613U 20072A   21001.52861127  .00001361  00000-0  32564-4 0  9992
2 46613  51.6470  87.0736 0001085 176.5108 308.1419 15.49246468262766
CREW DRAGON 1           
1 46920U 20084A   21001.52861127  .00001361  00000-0  32564-4 0  9996
2 46920  51.6470  87.0736 0001085 176.5108 308.1419 15.49246468262767
SPOC                    
1 46921U 98067RR  21001.64334402  .00007698  00000-0  13640-3 0  9999
2 46921  51.6436  85.8611 0001898 163.6249 196.4802 15.51300299  8941
BOBCAT-1                
1 46922U 98067RS  21001.70150320  .00010578  00000-0  18195-3 0  9993
2 46922  51.6437  85.5009 0001442 168.5135 191.5888 15.51689509  8915
NEUTRON-1               
1 46923U 98067RT  21001.64663745  .00007372  00000-0  13141-3 0  9991
2 46923  51.6436  85.8825 0001685 180.0022 180.0968 15.51200291  8972
1998-067RU              
1 46924U 98067RU  21001.49924966  .00016800  00000-0  27773-3 0  9992
2 46924  51.6427  86.3985 0001189 244.8676 115.2191 15.52342259  8924
LEMUR-2-BAXTER-OLIVER   
1 46925U 98067RV  21001.68819956  .00020257  00000-0  33113-3 0  9992
2 46925  51.6432  85.4139 0001165 239.3718 120.7158 15.52516003  8915
LEMUR-2-DJARA           
1 46926U 98067RW  21001.62702295  .00018516  00000-0  30453-3 0  9993
2 46926  51.6434  85.7546 0000591 187.8554 172.2426 15.52408695  8928
DESCENT                 
1 46927U 98067RX  21001.64877243  .00007719  00000-0  13741-3 0  9996
2 46927  51.6434  85.8961 0001681 210.6180 149.4712 15.51162345  8889
DRAGON CRS-21           
1 47233U 20093A   21001.52861127  .00001361  00000-0  32564-4 0  9994
2 47233  51.6470  87.0736 0001085 176.5108 308.1419 15.49246468262765
